1753480991539 342.0 0
1753480991552 137.0 0
1753480991568 186.0 0
1753480991591 295.0 0
1753480991605 372.0 0
1753480991620 45.0 0
1753480991634 150.0 0
1753480991647 344.0 0
1753480991661 71.0 0
1753480991674 308.0 0
1753480991688 185.0 0
1753480991703 325.0 0
1753480991717 292.0 0
1753480991733 155.0 0
1753480991747 325.0 0
1753480991760 257.0 0
1753480991775 48.0 0
1753480991788 3.0 0
1753480991803 7.0 0
1753480991815 249.0 0
1753480991829 131.0 0
1753480991844 168.0 0
1753480991859 309.0 0
1753480991874 32.0 0
1753480991888 336.0 0
1753480991903 168.0 0
1753480991916 341.0 0
1753480991930 74.0 0
1753480991944 392.0 0
1753480991957 159.0 0
1753480991971 276.0 0
1753480991985 315.0 0
1753480992000 277.0 0
1753480992018 291.0 0
1753480992035 104.0 0
1753480992049 174.0 0
1753480992064 259.0 0
1753480992079 128.0 0
1753480992093 359.0 0
1753480992107 364.0 0
1753480992120 350.0 0
1753480992135 136.0 0
1753480992150 301.0 0
1753480992165 79.0 0
1753480992180 192.0 0
1753480992198 330.0 0
1753480992214 194.0 0
1753480992229 146.0 0
1753480992243 310.0 0
1753480992260 329.0 0
1753480992274 184.0 0
1753480992288 52.0 0
1753480992304 123.0 0
1753480992319 139.0 0
1753480992335 356.0 0
1753480992349 306.0 0
1753480992363 295.0 0
1753480992376 89.0 0
1753480992389 252.0 0
1753480992403 8.0 0
1753480992417 269.0 0
1753480992428 98.0 0
1753480992442 92.0 0
1753480992456 295.0 0
1753480992471 162.0 0
1753480992485 336.0 0
1753480992499 216.0 0
1753480992514 96.0 0
1753480992527 128.0 0
1753480992541 170.0 0
1753480992555 55.0 0
1753480992567 203.0 0
1753480992580 369.0 0
1753480992595 96.0 0
1753480992609 0.0 0
1753480992624 313.0 0
1753480992638 380.0 0
1753480992651 283.0 0
1753480992665 297.0 0
1753480992679 187.0 0
1753480992693 38.0 0
1753480992707 193.0 0
1753480992720 330.0 0
1753480992734 25.0 0
1753480992750 51.0 0
1753480992764 253.0 0
1753480992779 382.0 0
1753480992793 124.0 0
1753480992807 64.0 0
1753480992820 196.0 0
1753480992834 380.0 0
1753480992848 88.0 0
1753480992860 335.0 0
1753480992874 373.0 0
1753480992889 176.0 0
1753480992903 78.0 0
1753480992918 69.0 0
1753480992935 272.0 0
1753480992948 113.0 0
1753480992962 88.0 0
1753480992975 185.0 0
1753480992989 307.0 0
1753480993001 229.0 0
1753480993016 178.0 0
1753480993031 310.0 0
1753480993046 277.0 0
1753480993061 174.0 0
1753480993076 260.0 0
1753480993089 295.0 0
1753480993103 316.0 0
1753480993117 40.0 0
1753480993131 166.0 0
1753480993144 226.0 0
1753480993158 309.0 0
1753480993173 47.0 0
1753480993188 258.0 0
1753480993204 255.0 0
1753480993218 250.0 0
1753480993232 30.0 0
1753480993245 365.0 0
1753480993259 97.0 0
1753480993273 342.0 0
1753480993287 266.0 0
1753480993300 395.0 0
1753480993315 202.0 0
1753480993329 225.0 0
1753480993345 336.0 0
1753480993359 134.0 0
1753480993373 222.0 0
1753480993387 76.0 0
1753480993401 115.0 0
1753480993414 130.0 0
1753480993429 45.0 0
1753480993443 388.0 0
1753480993457 196.0 0
1753480993472 24.0 0
1753480993487 285.0 0
1753480993502 173.0 0
1753480993516 205.0 0
1753480993530 249.0 0
1753480993544 159.0 0
1753480993557 82.0 0
1753480993571 102.0 0
1753480993584 325.0 0
1753480993598 305.0 0
1753480993613 318.0 0
1753480993628 37.0 0
1753480993643 358.0 0
1753480993657 136.0 0
1753480993672 117.0 0
1753480993687 137.0 0
1753480993700 180.0 0
1753480993714 243.0 0
1753480993728 53.0 0
1753480993740 86.0 0
1753480993754 19.0 0
1753480993769 283.0 0
1753480993785 381.0 0
1753480993800 103.0 0
1753480993814 252.0 0
1753480993828 149.0 0
1753480993842 61.0 0
1753480993856 193.0 0
1753480993870 10.0 0
1753480993882 155.0 0
1753480993897 324.0 0
1753480993912 225.0 0
1753480993927 276.0 0
1753480993942 285.0 0
1753480993957 149.0 0
1753480993971 397.0 0
1753480993985 2.0 0
1753480993998 126.0 0
1753480994013 7.0 0
1753480994026 88.0 0
1753480994039 324.0 0
1753480994055 189.0 0
1753480994070 113.0 0
1753480994085 341.0 0
1753480994100 392.0 0
1753480994114 28.0 0
1753480994127 313.0 0
1753480994142 88.0 0
1753480994155 344.0 0
1753480994169 0.0 0
1753480994181 187.0 0
1753480994197 294.0 0
1753480994211 325.0 0
1753480994227 315.0 0
1753480994242 339.0 0
1753480994256 272.0 0
1753480994270 298.0 0
1753480994284 322.0 0
1753480994298 213.0 0
1753480994311 123.0 0
1753480994326 116.0 0
1753480994341 7.0 0
1753480994356 311.0 0
1753480994369 97.0 0
1753480994385 224.0 0
1753480994398 65.0 0
1753480994411 204.0 0
1753480994425 228.0 0
1753480994438 382.0 0
1753480994451 161.0 0
1753480994464 365.0 0
1753480994476 70.0 0
1753480994491 170.0 0
1753480994505 150.0 0
1753480994519 71.0 0
1753480994533 348.0 0
1753480994547 194.0 0
1753480994560 394.0 0
1753480994573 344.0 0
1753480994586 279.0 0
1753480994600 389.0 0
1753480994614 134.0 0
1753480994628 131.0 0
1753480994642 225.0 0
1753480994657 341.0 0
1753480994671 240.0 0
1753480994685 209.0 0
1753480994698 188.0 0
1753480994711 224.0 0
1753480994724 22.0 0
1753480994738 379.0 0
1753480994750 55.0 0
1753480994763 212.0 0
1753480994777 36.0 0
1753480994792 295.0 0
1753480994806 298.0 0
1753480994820 384.0 0
1753480994834 20.0 0
1753480994847 150.0 0
1753480994860 109.0 0
1753480994873 246.0 0
1753480994887 374.0 0
1753480994900 94.0 0
1753480994913 378.0 0
1753480994927 233.0 0
1753480994943 216.0 0
1753480994958 354.0 0
1753480994971 152.0 0
1753480994984 316.0 0
1753480994998 275.0 0
1753480995012 41.0 0
1753480995025 51.0 0
1753480995039 81.0 0
1753480995052 347.0 0
1753480995066 30.0 0
1753480995080 269.0 0
1753480995094 190.0 0
1753480995109 295.0 0
1753480995122 100.0 0
1753480995136 125.0 0
1753480995149 189.0 0
1753480995162 313.0 0
1753480995175 379.0 0
1753480995188 322.0 0
1753480995200 87.0 0
1753480995215 277.0 0
1753480995229 335.0 0
1753480995243 10.0 0
1753480995258 13.0 0
1753480995274 23.0 0
1753480995287 129.0 0
1753480995300 154.0 0
1753480995313 378.0 0
1753480995330 51.0 0
1753480995344 212.0 0
1753480995357 324.0 0
1753480995371 227.0 0
1753480995386 1.0 0
1753480995400 359.0 0
1753480995414 151.0 0
1753480995427 87.0 0
1753480995441 307.0 0
1753480995454 181.0 0
1753480995468 204.0 0
1753480995481 361.0 0
1753480995494 119.0 0
1753480995508 43.0 0
1753480995523 93.0 0
1753480995537 280.0 0
1753480995552 92.0 0
1753480995566 398.0 0
1753480995579 196.0 0
1753480995594 152.0 0
1753480995607 188.0 0
1753480995620 106.0 0
1753480995633 309.0 0
1753480995645 30.0 0
1753480995661 188.0 0
1753480995677 145.0 0
1753480995692 348.0 0
1753480995707 261.0 0
1753480995722 151.0 0
1753480995736 334.0 0
1753480995751 349.0 0
1753480995765 115.0 0
1753480995779 174.0 0
1753480995792 242.0 0
1753480995807 116.0 0
1753480995823 359.0 0
1753480995837 118.0 0
1753480995853 131.0 0
1753480995867 226.0 0
1753480995882 282.0 0
1753480995896 310.0 0
1753480995910 253.0 0
1753480995925 206.0 0
1753480995939 71.0 0
1753480995952 97.0 0
1753480995968 210.0 0
1753480995983 208.0 0
1753480996000 218.0 0
1753480996016 311.0 0
1753480996030 172.0 0
1753480996045 31.0 0
1753480996061 329.0 0
1753480996075 116.0 0
1753480996090 175.0 0
1753480996103 383.0 0
1753480996118 385.0 0
1753480996134 347.0 0
1753480996149 12.0 0
1753480996164 278.0 0
1753480996179 349.0 0
1753480996194 165.0 0
1753480996209 191.0 0
1753480996222 104.0 0
1753480996237 272.0 0
1753480996250 253.0 0
1753480996264 64.0 0
1753480996280 370.0 0
1753480996296 398.0 0
1753480996312 159.0 0
1753480996327 81.0 0
1753480996342 13.0 0
1753480996356 289.0 0
1753480996370 228.0 0
1753480996384 225.0 0
1753480996398 33.0 0
1753480996411 234.0 0
1753480996427 367.0 0
1753480996442 250.0 0
1753480996459 19.0 0
1753480996474 306.0 0
1753480996489 314.0 0
1753480996504 176.0 0
1753480996518 126.0 0
1753480996532 342.0 0
1753480996548 281.0 0
1753480996561 74.0 0
1753480996576 172.0 0
1753480996592 373.0 0
1753480996608 307.0 0
1753480996624 308.0 0
1753480996638 36.0 0
1753480996653 320.0 0
1753480996667 133.0 0
1753480996681 225.0 0
1753480996695 17.0 0
1753480996710 184.0 0
1753480996723 67.0 0
1753480996738 35.0 0
1753480996753 214.0 0
1753480996769 32.0 0
1753480996784 36.0 0
1753480996799 290.0 0
1753480996813 160.0 0
1753480996828 257.0 0
1753480996841 148.0 0
1753480996857 22.0 0
1753480996871 248.0 0
1753480996884 323.0 0
1753480996900 371.0 0
1753480996916 260.0 0
1753480996930 275.0 0
1753480996947 209.0 0
1753480996963 263.0 0
1753480996977 228.0 0
1753480996991 388.0 0
1753480997005 107.0 0
1753480997020 16.0 0
1753480997034 119.0 0
1753480997048 334.0 0
1753480997064 348.0 0
1753480997080 289.0 0
1753480997096 138.0 0
1753480997111 53.0 0
1753480997126 242.0 0
1753480997140 98.0 0
1753480997154 118.0 0
1753480997169 59.0 0
1753480997183 294.0 0
1753480997196 71.0 0
1753480997212 200.0 0
1753480997228 213.0 0
1753480997242 307.0 0
